[-22.1156253815, 40.9372787476]
[-21.6671217140, 41.2892853272]
[-21.8367000652, 41.4233818141]
[-21.9276268983, 41.4963783294]
[-21.9447318198, 41.3703210363]
[-21.8994604898, 41.3924789404]
[-21.8803933050, 41.3720594556]
[-21.9126438337, 41.4352531751]
[-21.9411451743, 41.4910272235]
[-21.8394313728, 41.4947822710]
[-21.6721286994, 41.5337635339]
[-21.5270555949, 41.5667133763]
[-21.5176930742, 41.5984889773]
[-21.5770637377, 41.5505438628]
[-21.6767235161, 41.5851078154]
[-21.7636286380, 41.6140841410]
[-21.8297518860, 41.6020604111]
[-21.7508833027, 41.5509886140]
[-21.6251021527, 41.4704629848]
[-21.6944388690, 41.5396570502]
[-21.7552547408, 41.5997011326]
[-21.7308921685, 41.5229469549]
[-21.7552172521, 41.5491422649]
[-21.8056293173, 41.5129583342]
[-21.7284338546, 41.5055248251]
[-21.6600094461, 41.4989082406]
[-21.7858309253, 41.5001479522]
[-21.7966005209, 41.4973061111]
[-21.8131450265, 41.5225430187]
[-21.8279448923, 41.5452155586]
[-21.7756840627, 41.5362050725]
[-21.7930156215, 41.5569306462]
[-21.7316834732, 41.4940696345]
[-21.6758655150, 41.4367050301]
[-21.7256914643, 41.4139628764]
[-21.6966788995, 41.3905546741]
[-21.7326162029, 41.3973162937]
[-21.6420371585, 41.3485248009]
[-21.6082833326, 41.3563731983]
[-21.6267106013, 41.3407889927]
[-21.6442216120, 41.3268923886]
[-21.7102465925, 41.3667011427]
[-21.6734222586, 41.3749942295]
[-21.5786067511, 41.3556354603]
[-21.4730933623, 41.3373289035]
[-21.4855654575, 41.3249463433]
[-21.5288418207, 41.3650173432]
[-21.5513951432, 41.4017322463]
[-21.5911365728, 41.4365744506]
[-21.5187458323, 41.4645998939]
[-21.5309673485, 41.4435618031]
[-21.5855157513, 41.4504294510]
[-21.6364298366, 41.4566723883]
[-21.6105910053, 41.3851952084]
[-21.6535322387, 41.3709558823]
[-21.6757317771, 41.4322450719]
[-21.7565562299, 41.4413535184]
[-21.8073676188, 41.4989002290]
[-21.7864996645, 41.4993282561]
[-21.8029898022, 41.5008029837]
[-21.6963798869, 41.4475592732]
[-21.7304901408, 41.4279200745]
[-21.7255813199, 41.4083147142]
[-21.7935628220, 41.3930152614]
[-21.7897289087, 41.4013052939]
[-21.8467874804, 41.4364845737]
[-21.8016409333, 41.4403890196]
[-21.7047693318, 41.3675875038]
[-21.5905115681, 41.3487056899]
[-21.6612105493, 41.3881447202]
[-21.5810223646, 41.4193022725]
[-21.6103100489, 41.4272378011]
[-21.6798174986, 41.3865374145]
[-21.7270610017, 41.4228325275]
[-21.7399669311, 41.4054807721]
[-21.7580028467, 41.4145265255]
[-21.7442508745, 41.4467586905]
[-21.7370589926, 41.4269395643]
[-21.7847566297, 41.4105827332]
[-21.7679872214, 41.3683285414]
[-21.8374446510, 41.3822055375]
[-21.8223298594, 41.3673288498]
[-21.7594238488, 41.3767159627]
[-21.7617359830, 41.4129071086]
[-21.7028581781, 41.4191829523]
[-21.6300788952, 41.4242626560]
[-21.5993286380, 41.4303137306]
[-21.5227975060, 41.3843562321]
[-21.6039775370, 41.3723464074]
[-21.5827959720, 41.3328652513]
[-21.5456468683, 41.3704233053]
[-21.4570068771, 41.4033471374]
[-21.4363280410, 41.3864113735]
[-21.3878232601, 41.3944375921]
[-21.4343722178, 41.3311078956]
[-21.4790831589, 41.3468741625]
[-21.4967904724, 41.3359196255]
[-21.5199486173, 41.3510927581]
[-21.5845789715, 41.3919765242]
[-21.4986366151, 41.4243022767]
[-21.4617272828, 41.4059563125]
[-21.5125809831, 41.3673165938]
[-21.4269940370, 41.3760250147]
[-21.4945572816, 41.4650843570]
[-21.4899140548, 41.4199649605]
[-21.4859026259, 41.3779211006]
[-21.4765947657, 41.3883303059]
[-21.4197544951, 41.3465339995]
[-21.3916932982, 41.3335890475]
[-21.4207740922, 41.3239015351]
[-21.4846104460, 41.3165689639]
[-21.5440702283, 41.3100417650]
[-21.4901482579, 41.3000844353]
[-21.5190814907, 41.3190525302]
[-21.6060876242, 41.2895621527]
[-21.6383481541, 41.2854048168]
[-21.5890833291, 41.3287009609]
[-21.5308920339, 41.3187285510]
[-21.5614875792, 41.2880892207]
[-21.6085803908, 41.3352236103]
[-21.7250878008, 41.3818860100]
[-21.7776878267, 41.4229515797]
[-21.6917804258, 41.4306483173]
[-21.7206867302, 41.4416582445]
[-21.7101191480, 41.3758283640]
[-21.7245854237, 41.4148194713]
[-21.7312131437, 41.4256059847]
[-21.7368107642, 41.4353724734]
[-21.7352474391, 41.4190588083]
[-21.7822806565, 41.4554492674]
[-21.8063977161, 41.4135802569]
[-21.7494524460, 41.3468876149]
[-21.7023622894, 41.3845898452]
[-21.7433650991, 41.3979043922]
[-21.7264513605, 41.4081110084]
[-21.6437480943, 41.3653020990]
[-21.6457503700, 41.3534020064]
[-21.6777936766, 41.3188752859]
[-21.7256592657, 41.2877764333]
[-21.7889108123, 41.3346353896]
[-21.7011193484, 41.3727113210]
[-21.7164314382, 41.3619564723]
[-21.6457006168, 41.3736074736]
[-21.6286075092, 41.3614078659]
[-21.6009302687, 41.3745153969]
[-21.5634679602, 41.4111817131]
[-21.6021625884, 41.4478804161]
[-21.6440194975, 41.4320017556]
[-21.5799978186, 41.4379199974]
[-21.4603094725, 41.4159759297]
[-21.4771487098, 41.4003364251]
[-21.5543942309, 41.4129599741]
[-21.5837937643, 41.3980651275]
[-21.6357669166, 41.4100026227]
[-21.6595133744, 41.3951949883]
[-21.6876747927, 41.4065340958]
[-21.6771314015, 41.4156033825]
[-21.6972948338, 41.4002197988]
[-21.7402232973, 41.4117144402]
[-21.7677252853, 41.4468441504]
[-21.8292525521, 41.4806663660]
[-21.8792666104, 41.4865032888]
[-21.8457398486, 41.4636579834]
[-21.8320303012, 41.4428961341]
[-21.7216233980, 41.4695937896]
[-21.6123893728, 41.4690750945]
[-21.6407909010, 41.6245141864]
[-21.7323394470, 41.5944068567]
[-21.7753614335, 41.6139510097]
[-21.7237589572, 41.6278617267]
[-21.7843002124, 41.5696451062]
[-21.8165069841, 41.5638179425]
[-21.7185059017, 41.5531201674]
[-21.8041661573, 41.5997414128]
[-21.7248236394, 41.5121492957]
[-21.6875045723, 41.5063457646]
[-21.7432033619, 41.4301048356]
[-21.6925445189, 41.4548851024]
[-21.6333780270, 41.4277705405]
[-21.6509066797, 41.3316712021]
[-21.6742953721, 41.3421524104]
[-21.7207277779, 41.3784072503]
[-21.7090363677, 41.4103708368]
[-21.7221320108, 41.3913522671]
[-21.7222766349, 41.3983986581]
[-21.8016416202, 41.4332122480]
[-21.8321195005, 41.4389928214]
[-21.8836243634, 41.3956761236]
[-21.9134055226, 41.4296094020]
[-21.9094766035, 41.4101591383]
[-21.8569757166, 41.4905216172]
[-21.9414930394, 41.5198245968]
[-21.9763452707, 41.5200789351]
[-21.8984270991, 41.4415180616]
[-21.8621091816, 41.4442611643]
[-21.8645164718, 41.4482504741]
[-21.7511891901, 41.4226759610]
[-21.8042459543, 41.4549754080]
[-21.8408217784, 41.4346165693]
[-21.8081129180, 41.4380853730]
[-21.8204350008, 41.4679838753]
[-21.7466603255, 41.5174846953]
[-21.8055276202, 41.4931286943]
[-21.8428439030, 41.5446152049]
[-21.8765259294, 41.5170820405]
[-21.8227664703, 41.5128762951]
[-21.7967793988, 41.4600602974]
[-21.7365990559, 41.4842530591]
[-21.6808466197, 41.4320543252]
[-21.6782778548, 41.4352244792]
[-21.6582001496, 41.4376132103]
[-21.6036928788, 41.4385543425]
[-21.5840734880, 41.4158343013]
[-21.6092665602, 41.4214365480]
[-21.5968854436, 41.4254049802]
[-21.6287581010, 41.4558537838]
[-21.5979016340, 41.4568094402]
[-21.6608882167, 41.4611896116]
[-21.6951412661, 41.4394127769]
[-21.7270508691, 41.4192481124]
[-21.7629398342, 41.4257801590]
[-21.8453663406, 41.4839426826]
[-21.8957888650, 41.4371224558]
[-21.8755298551, 41.4159035989]
[-21.8805380890, 41.4221542210]
[-21.7874789474, 41.3994757428]
[-21.8099219408, 41.3828012104]
[-21.7033353336, 41.3626902387]
[-21.7317782853, 41.3492307281]
[-21.7590133252, 41.4120749535]
[-21.7654358893, 41.3948607857]
[-21.8077205665, 41.3804054626]
[-21.6954060698, 41.3366027665]
[-21.7435507080, 41.4018565057]
[-21.7089446634, 41.4343724142]
[-21.6769903142, 41.4644929447]
[-21.6538261974, 41.5175936106]
[-21.5718476027, 41.4644722210]
[-21.5635128160, 41.5424162215]
[-21.5681220099, 41.5146426757]
[-21.5303861681, 41.5369248875]
[-21.5817520496, 41.5351045477]
[-21.5688312162, 41.5060285792]
[-21.5211097695, 41.5522856749]
[-21.4288698403, 41.5429405431]
[-21.4653937857, 41.5137095051]
[-21.5183261156, 41.4870525440]
[-21.5255058318, 41.4358307347]
[-21.4843338326, 41.4113082617]
[-21.5802785445, 41.4187876418]
[-21.5480372333, 41.3716579686]
[-21.6763454399, 41.3839707419]
[-21.7167661059, 41.4427896543]
[-21.7650276995, 41.3982074436]
[-21.7064965080, 41.3778368451]
[-21.7250328385, 41.4369766957]
[-21.7531879355, 41.3926829172]
[-21.7669477217, 41.3760548737]
[-21.7735042387, 41.4105175844]
[-21.7542487601, 41.3424300914]
[-21.8585827107, 41.4086525409]
[-21.7354096284, 41.3868771995]
[-21.7716925202, 41.3231978086]
[-21.7507417981, 41.2623943629]
[-21.8288936723, 41.3096119428]
[-21.8890641373, 41.3785466923]
[-21.9005852303, 41.3412913439]
[-21.8379514330, 41.3041439716]
[-21.8707354151, 41.3481526182]
[-21.9179799823, 41.3152613156]
[-21.9311205291, 41.3086207764]
[-21.8578009613, 41.3243772088]
[-21.8315226808, 41.2912349609]
[-21.8557179144, 41.3123062313]
[-21.8352117324, 41.3056099924]
[-21.7734836481, 41.2732503665]
[-21.7768380434, 41.2706476747]
[-21.7743000906, 41.3182243268]
[-21.7839689388, 41.3380340422]
[-21.8357754320, 41.3831017708]
[-21.8465213780, 41.3487541706]
[-21.8988908269, 41.3432344260]
[-21.9407272723, 41.3131153595]
[-21.9616129045, 41.3592353776]
[-22.0351560027, 41.4041386923]
[-21.9623882122, 41.3903451852]
[-21.9978308281, 41.4311921112]
[-21.9929138792, 41.3927458115]
[-22.0066419357, 41.4322153447]
[-22.0005149480, 41.4678682202]
[-22.0061954341, 41.4760184318]
[-21.9807381258, 41.5069474798]
[-21.9078792012, 41.4833985957]
[-21.9749091159, 41.5664435453]
[-21.9566034713, 41.5395936701]
[-21.9336555271, 41.5636919121]
[-21.8574556648, 41.5833188237]
[-21.9147029201, 41.6058170346]
[-21.8880632881, 41.5235776872]
[-21.7668076394, 41.4925691061]
[-21.6547574884, 41.4635864962]
[-21.5577301671, 41.4617211429]
[-21.6083602469, 41.4404549350]
[-21.6144393392, 41.4690058856]
[-21.6694870749, 41.4723567157]
[-21.7086554316, 41.4252789451]
[-21.7581697617, 41.4318059178]
[-21.7071641343, 41.4093686157]
[-21.6845493124, 41.4145233369]
[-21.5911857608, 41.4166712599]
[-21.5906008373, 41.4721612376]
[-21.5904221489, 41.4486432392]
[-21.6154515976, 41.4526001409]
[-21.6449429786, 41.4068394210]
[-21.5821002779, 41.3610295727]
[-21.5609326284, 41.3948487253]
[-21.6269060916, 41.4047563395]
[-21.6759211795, 41.3639786560]
[-21.7588931791, 41.4024599996]
[-21.7382363377, 41.4095963415]
[-21.7251210060, 41.4415256883]
[-21.8329947047, 41.3764625449]
[-21.7819993751, 41.3598752722]
[-21.7283982369, 41.3943652359]
[-21.7817481131, 41.4055115757]
[-21.8310587006, 41.4159214856]
[-21.8645414743, 41.4501255842]
[-21.8831376018, 41.5063959138]
[-21.9000868216, 41.5586330677]
[-21.9076421974, 41.5060253974]
[-21.8842612431, 41.4806886434]
[-21.9046823570, 41.4834600821]
[-21.9231080130, 41.4858510466]
[-21.9396552201, 41.4878960846]
[-21.9962332566, 41.4415991662]
[-21.9998442017, 41.4215307242]
[-22.0024047752, 41.4030118828]
[-21.9553501284, 41.3347246446]
[-22.0261266659, 41.3008182489]
[-22.0911082833, 41.2699279544]
[-22.1451956391, 41.2913413533]
[-22.0969490031, 41.2831886859]
[-22.0569822703, 41.2269768179]
[-22.0192107185, 41.1755232375]
[-21.9052725509, 41.1750269414]
[-21.8419940617, 41.2019568533]
[-21.8438636155, 41.1803544795]
[-21.8703984412, 41.1867279581]
[-21.8897099213, 41.2429588784]
[-21.9014243618, 41.2703446039]
[-21.9487942388, 41.2974140670]
[-21.9436191976, 41.2711326838]
[-21.8419703050, 41.2928269933]
[-21.7842710666, 41.3144736085]
[-21.8040874580, 41.3373750388]
[-21.8292589549, 41.3837678801]
[-21.7554061527, 41.3235522371]
[-21.7057205005, 41.3425615448]
[-21.7387568005, 41.3134984717]
[-21.7581629237, 41.3108334413]
[-21.7822181317, 41.2591929567]
[-21.7024098056, 41.3068058292]
[-21.6956677300, 41.3286698878]
[-21.6895430050, 41.2746198303]
[-21.7094615660, 41.3248097229]
[-21.7522529110, 41.3224480344]
[-21.6954446457, 41.3663421059]
[-21.7463285722, 41.3858838183]
[-21.7574006801, 41.4023377906]
[-21.7797726441, 41.3928582956]
[-21.6795410699, 41.3297123793]
[-21.7325121085, 41.3509230465]
[-21.6362424759, 41.3649420946]
[-21.6202809872, 41.3806307054]
[-21.5758157480, 41.4188217326]
[-21.6083389335, 41.4567671329]
[-21.6322764884, 41.3919873388]
[-21.6730747100, 41.3321327619]
[-21.6938676456, 41.3504539161]
[-21.7732353586, 41.3201381506]
[-21.7321240416, 41.3373194084]
[-21.6756993006, 41.3526445457]
[-21.6781201778, 41.3689740112]
[-21.5955884220, 41.4057625376]
[-21.6352618817, 41.4692555482]
[-21.6780830807, 41.4779281681]
[-21.6390129867, 41.4575243600]
[-21.6030101188, 41.4382038902]
